100
560332 618304
700442 700445
687671 687675
500 284025
545 141370
734 306174
533 766630
175861 175867
337 834172
245444 245453
406 133853
265 372007
156 506006
668 441708
16 26
227778 414510
304 625445
434047 434050
230 824637
656 880513
575 647485
856 241311
137 716044
373434 741536
565 352371
547 163676
466112 466113
712 618882
627 327021
232 308216
222 368123
523 564265
112 564614
434672 644315
571 556561
205171 426318
116411 444466
733711 733717
751 602650
30424 146735
77776 77777
447735 675445
132473 474260
633356 633358
210 320068
203036 203045
832 850445
411 573186
443622 746456
280 230104
744 733045
168167 350068
148 710717
64 257205
1 2
1 1000000
374 223575
653 854287
364 810688
758 382431
442 488674
441068 441071
360520 765584
358431 855575
66531 66540
620242 620251
551543 551552
627 758531
402854 584437
861 114748
634 170425
307375 307384
101 288673
170286 170287
741 314803
577 465833
63406 63407
143861 620241
407 506112
600 707100
380 312528
143713 271144
15258 15266
637 617352
175 538184
656328 726224
25450 25455
386815 687223
446 516778
228 126421
88 102
2 3
881231 881234
766750 877462
686 721742
46 120315
843 110041
557810 586331
436 615523
451780 451781
